


Exchange Name
				

Jan'24
				

Feb'24
				

Mar'24
Apr'24
				

May'24
				

Jun'24
				

Jul'24
Aug'24
				

%change Aug'24/ Aug'23 USD
				

%change Aug'24/ Aug'23 LOC
				





Americas
































B3 - Brasil Bolsa Balcão
928,318.50
931,029.53
917,023.06
859,965.57
821,331.59
775,581.17
852,448.57
847,724.98
-1.7%
6.2%


Bermuda Stock Exchange
184.30
183.40
181.60
197.50
200.80
194.50
194.60
196.50
7.3%
7.3%


Bolsa de Comercio de Santiago
167,793.70
170,276.62
171,479.01
171,547.14
180,538.60
171,991.43
170,890.23
176,146.65
-2.9%
3.8%


Bolsa de Valores de Colombia
82,774.29
81,175.49
82,024.43
83,477.95
89,058.84
81,345.38
79,933.27
86,703.12
20.9%
16.7%


Bolsa de Valores de Lima
85,015.76
87,017.30
89,392.59
83,214.03
87,422.09
85,722.19
88,692.25
90,114.53
13.4%
16.0%


Bolsa Electronica de Chile
96,678.11
94,089.19
94,810.81
104,253.88
103,286.87
105,635.59
106,779.81
104,814.66
-9.0%
-2.8%


Bolsa Latinoamericana de Valores (Latinex)
19,709.00
31,544.00
20,441.00
20,309.00
30,640.00
30,552.00
20,763.00
18,200.00
-1.4%
-1.4%


Bolsa Mexicana de Valores
563,906.51
554,253.89
521,722.01
556,144.64
550,846.64
491,756.70
488,913.18
460,588.71
-14.5%
-1.0%


Bolsa Nacional de Valores
2,530.73
2,543.22
2,584.20
2,558.82
2,503.10
2,472.72
2,532.42
2,571.17
7.9%
4.1%


Canadian Securities Exchange
12,447.99
11,848.51
12,857.83
13,623.81
11,767.63
11,378.02
10,823.56
10,841.19
-26.9%
-31.2%


Jamaica Stock Exchange
12,157.80
12,394.61
12,288.35
11,928.64
11,931.29
11,786.95
115,004.84
11,455.17
-2.9%
-0.9%


Nasdaq - US
23,584,598.70
24,970,849.00
25,429,702.30
24,315,561.27
25,965,966.44
27,615,383.53
27,395,280.00
28,150,726.32
29.4%
29.4%


NYSE
26,006,107.19
27,105,403.43
28,416,243.25
27,037,660.48
27,654,870.96
27,618,741.27
28,791,504.18
28,042,011.72
12.5%
12.5%


TMX Group
3,059,704.54
3,082,034.39
3,209,800.15
3,108,707.33
3,228,784.96
3,166,438.67
3,298,418.75
3,406,171.16
16.4%
16.3%


Total for Americas
54,621,927.12
57,134,642.58
58,980,550.59
56,369,150.06
58,739,149.81
60,168,980.12
61,422,178.66
61,408,265.88
19.3%








































APAC
































Armenia Securities Exchange
367.72
377.88
380.50
375.41
365.96
849.88
362.54
366.33
-0.8%
0.0%


ASX Australian Securities Exchange
1,738,667.64
1,732,710.85
1,778,017.28
1,720,102.66
1,773,867.20
1,790,953.61
1,807,552.88
1,858,342.53
12.6%
8.0%


Baku Stock Exchange
1,577.39
1,577.63
1,584.12
1,585.45
1,586.04
1,582.48
1,582.48
1,583.35
-0.4%
-0.1%


Bursa Malaysia
379,172.19
384,856.31
390,072.17
397,798.44
414,840.39
415,110.76
434,420.97
455,446.18
23.1%
14.7%


Colombo Stock Exchange
12,815.34
13,525.34
15,100.40
16,463.82
15,841.59
15,574.76
14,901.44
14,443.22
3.6%
-2.7%


Dhaka Stock Exchange
37,974.94
38,849.42
35,424.86
36,748.27
29,569.23
30,597.87
30,271.80
34,001.76
-17.4%
-9.6%


Hochiminh Stock Exchange
192,851.06
205,695.71
210,624.84
194,392.32
202,084.31
199,734.66
202,793.43
211,953.55
4.2%
7.7%


Hong Kong Exchanges and Clearing
3,599,702.88
3,844,325.75
3,870,292.57
4,101,360.22
4,206,936.95
4,115,775.02
3,985,237.42
4,074,137.48
-3.6%
-4.1%


Indonesia Stock Exchange
723,741.71
743,931.67
737,642.73
742,979.19
727,918.04
738,476.25
758,772.18
769,213.38
14.3%
23.2%


Japan Exchange Group
6,340,070.20
6,515,588.88
6,659,870.22
6,275,528.71
6,317,741.71
6,246,074.78
6,660,147.68
6,659,603.98
12.8%
13.3%


Kazakhstan Stock Exchange
58,918.30
62,708.27
69,086.56
69,020.45
69,080.75
67,812.36
69,267.16
68,378.11
23.8%
30.3%


Korea Exchange
1,795,374.24
1,911,567.68
1,978,319.25
1,876,648.89
1,843,123.01
1,947,717.56
1,928,111.66
1,908,617.83
2.6%
3.6%


National Equities Exchange and Quotations
42,845.41
42,442.64
40,967.94
39,837.44
39,164.29
38,811.21
38,724.16
39,131.32
-3.7%
-5.9%


National Stock Exchange of India
4,529,520.25
4,638,939.22
4,609,678.17
4,829,767.04
4,900,332.01
5,225,379.75
5,477,961.69
5,497,682.82
48.0%
50.1%


NZX Limited
93,985.92
92,268.86
92,430.79
89,706.42
93,231.90
91,160.65
94,288.80
98,760.41
8.5%
3.6%


Pakistan Stock Exchange
32,508.45
33,088.81
34,045.75
35,044.62
36,540.51
37,269.42
37,199.04
37,615.18
74.6%
59.0%


Philippine Stock Exchange
238,720.60
246,376.57
246,108.50
234,173.24
228,963.11
230,677.01
238,478.62
257,739.49
13.5%
12.5%


Shanghai Stock Exchange
6,043,364.22
6,518,623.30
6,551,563.07
6,669,501.51
6,629,651.25
6,350,622.64
6,328,110.93
6,238,334.95
-6.3%
-8.5%


Shenzhen Stock Exchange
3,642,321.35
4,016,507.26
4,098,654.18
4,106,816.94
4,024,895.42
3,738,133.55
3,730,585.36
3,699,886.28
-17.5%
-20.6%


Singapore Exchange
577,450.75
570,261.01
575,633.94
569,818.41
591,079.93
584,755.23
610,201.04
620,546.12
3.5%
0.2%


Taipei Exchange
180,252.84
188,069.17
189,493.38
184,401.90
192,646.65
205,009.34
194,864.00
210,165.08
25.8%
26.3%


Taiwan Stock Exchange
1,821,446.09
1,905,625.07
2,019,685.73
1,989,583.86
2,075,783.14
2,262,701.39
2,156,463.02
2,224,497.54
35.5%
35.9%


The Stock Exchange of Thailand
484,555.30
483,212.88
479,050.40
465,065.89
463,010.15
447,806.59
468,185.11
506,762.19
-9.9%
-12.8%


Total for APAC
32,568,204.79
34,191,130.18
34,683,727.35
34,646,721.10
34,878,253.54
34,782,586.77
35,268,483.41
35,487,209.08
6.9%








































EMEA
































Abu Dhabi Securities Exchange
790,551.47
775,354.11
774,561.54
754,932.94
733,382.72
761,376.98
773,174.83
763,903.99
2.4%
2.4%


Amman Stock Exchange
24,258.46
24,136.55
23,823.52
23,451.95
23,411.00
23,315.97
23,345.50
23,748.50
-0.2%
-0.1%


Athens Stock Exchange
83,980.87
90,039.39
89,098.52
89,641.63
89,320.29
86,639.87
77,769.39
89,952.72
11.9%
10.0%


Bahrain Bourse
21,606.37
21,016.60
21,474.87
21,272.02
21,376.63
21,234.67
20,657.82
20,194.35
-0.7%
-0.7%


Belarusian Currency and Stock Exchange
5,028.57
5,138.84
5,199.71
6,280.74
5,994.92
6,422.29
6,216.36
7,226.74
238.4%
238.4%


BME Spanish Exchanges
746,908.48
738,359.01
806,698.34
785,909.81
836,482.04
802,607.86
696,770.83
800,730.52
11.1%
17.1%


Borsa Istanbul
367,639.27
398,016.04
385,232.36
422,588.06
428,954.67
425,577.36
418,479.39
389,136.17
8.5%
38.8%


Botswana Stock Exchange
3,554.07
3,526.64
3,565.26
3,476.95
3,601.33
3,709.58
3,806.45
3,736.06
10.7%
12.0%


Boursa Kuwait
139,807.82
142,217.53
140,423.45
134,659.09
135,585.72
133,608.79
139,923.99
139,205.64
3.6%
2.6%


Bourse de Casablanca
64,341.26
66,768.53
66,516.16
68,386.02
69,501.16
69,408.81
72,933.74
72,983.17
20.0%
17.2%


BRVM
12,815.96
13,188.54
13,235.56
13,491.06
13,911.28
13,954.83
14,653.22
15,378.81
NA
NA


Bucharest Stock Exchange
47,152.71
48,005.03
50,798.58
50,250.78
51,983.59
52,583.32
54,024.22
54,810.91
24.6%
26.1%


Budapest Stock Exchange
39,335.23
39,246.58
39,112.62
40,106.56
39,595.63
39,935.71
41,275.87
41,629.69
30.8%
32.4%


Bulgarian Stock Exchange
7,938.63
7,944.45
8,072.07
8,084.71
8,543.32
8,357.30
8,629.44
8,772.72
-46.6%
-47.6%


Cyprus Stock Exchange
9,311.69
9,489.62
9,623.54
9,464.46
10,391.54
10,122.08
8,939.89
9,143.71
4.6%
25.3%


Dar Es Salaam Stock Exchange
6,068.47
5,846.77
6,326.92
6,379.78
6,598.98
6,388.72
6,369.42
6,535.11
10.9%
18.0%


Deutsche Boerse AG
2,146,008.46
2,216,375.81
2,299,151.50
2,195,951.45
2,249,777.46
2,182,692.89
2,155,939.03
1,874,867.51
-11.5%
6.1%


Dubai Financial Market
193,726.73
198,598.09
198,889.40
193,476.97
182,776.98
184,775.91
195,506.87
197,472.80
5.6%
5.6%


Euronext
6,797,474.22
6,988,087.59
7,223,126.66
7,000,681.66
7,209,911.01
6,854,437.65
5,867,725.76
6,876,128.63
2.7%
8.2%


Ghana Stock Exchange
6,050.10
5,957.95
5,886.45
5,896.89
5,676.79
5,573.89
6,010.83
5,882.03
-9.7%
25.7%


Iran Fara Bourse Securities Exchange
335,034.47
323,140.53
347,019.89
331,684.75
298,698.73
282,108.90
270,942.78
268,401.58
-22.6%
-22.6%


Johannesburg Stock Exchange
971,093.28
928,741.48
955,795.13
970,719.85
1,002,098.21
1,014,838.47
1,028,813.44
1,042,894.71
0.5%
-5.1%


Ljubljana Stock Exchange
10,457.41
11,053.21
11,513.05
11,087.37
11,804.13
12,314.80
10,997.25
10,497.66
13.7%
36.3%


Lusaka Securities Exchange
3,332.09
4,048.98
3,931.36
3,743.09
3,934.08
4,726.37
4,134.95
4,178.80
6.9%
44.1%


Luxembourg Stock Exchange
52,672.31
51,007.22
51,662.52
48,574.90
51,082.01
47,024.21
40,419.23
40,015.04
-21.1%
-5.5%


Malta Stock Exchange
4,815.65
4,869.62
4,824.49
4,774.14
4,781.05
4,746.60
4,127.99
4,657.73
-0.4%
5.0%


MERJ Exchange Limited
622.92
542.84
545.64
552.76
565.51
551.84
527.37
473.94
-42.2%
-41.4%


Nairobi Securities Exchange
9,000.90
9,863.91
13,462.50
12,375.75
13,578.04
13,171.91
12,791.96
12,578.87
18.4%
4.8%


Namibian Stock Exchange
2,390.06
2,316.41
2,372.29
2,430.90
2,406.60
2,493.49
2,497.88
2,493.45
9.5%
7.1%


Nasdaq Nordic and Baltics
2,087,152.48
2,141,740.16
2,169,679.05
2,116,923.15
2,249,121.21
2,231,269.59
1,905,805.96
1,903,574.13
2.4%
22.8%


Palestine Exchange
4,430.36
4,382.99
4,320.76
4,316.71
4,308.72
4,215.66
4,105.43
4,068.52
-17.9%
-17.9%


Prague Stock Exchange
32,287.16
30,510.06
31,589.60
32,256.49
34,593.90
32,645.65
33,400.35
33,350.64
-2.7%
-0.6%


Rwanda Stock Exchange
2,917.81
2,907.52
2,893.95
2,885.24
2,868.90
2,972.82
2,822.58
2,787.02
-10.2%
1.3%


Saudi Exchange (Tadawul)
2,859,108.79
2,997,968.29
2,930,521.94
2,881,586.55
2,735,634.50
2,687,699.66
2,708,847.68
2,734,887.83
-11.4%
-11.3%


SIX Swiss Exchange
2,025,737.72
1,985,625.21
2,018,377.63
1,908,182.74
2,050,757.37
2,034,554.42
2,139,361.06
2,099,211.79
7.0%
8.2%


Stock Exchange of Mauritius
8,377.13
8,293.79
8,406.03
8,389.10
8,339.22
7,802.69
8,348.10
8,673.90
2.8%
6.0%


Tehran Stock Exchange
1,647,836.67
1,604,319.06
1,771,343.69
1,772,560.64
1,615,062.29
1,595,840.05
1,523,526.81
1,539,622.95
-8.1%
-8.1%


Tel-Aviv Stock Exchange
260,488.18
282,761.98
281,928.53
267,935.61
268,488.40
255,272.66
263,360.24
284,015.94
11.9%
7.1%


The Egyptian Exchange
63,703.87
64,700.70
38,171.81
34,950.21
38,336.06
38,872.92
41,343.37
43,226.66
4.5%
64.7%


Tunis Stock Exchange
7,534.50
7,727.27
8,003.61
8,034.72
8,209.27
8,293.27
8,353.74
8,519.16
5.1%
3.9%


Vienna Stock Exchange
136,322.35
131,247.20
137,662.17
137,170.32
139,086.30
139,561.14
141,853.30
143,236.80
11.0%
11.7%


Warsaw Stock Exchange
205,308.51
218,026.10
220,279.18
215,433.40
223,662.88
223,154.91
216,616.88
220,776.04
23.4%
16.0%


Zagreb Stock Exchange
26,203.93
26,015.66
26,987.65
26,254.20
27,235.26
26,783.26
23,536.69
22,923.38
-0.8%
18.9%


Total for EMEA
22,270,387.39
22,639,123.86
23,212,109.50
22,637,206.12
22,921,429.70
22,363,639.77
20,988,687.89
21,836,506.32
-0.8%





Note: Where no more than two consecutive values from an exchange were missing, WFE office interpolated them.

















